300.00	460.00	99999.99
303.85	461.48	28583.22
307.70	462.96	14284.98
311.55	464.44	9515.96
315.39	465.92	7129.25
319.24	467.40	5695.47
323.09	468.89	4738.16
326.93	470.38	4053.13
330.78	471.87	3538.27
334.62	473.37	3136.88
338.46	474.88	2814.91
342.29	476.39	2550.72
346.13	477.90	2329.86
349.96	479.42	2142.35
353.79	480.95	1981.05
357.62	482.49	1840.72
361.44	484.04	1717.43
365.26	485.59	1608.20
369.07	487.16	1510.68
372.88	488.73	1423.03
376.69	490.32	1343.78
380.49	491.92	1271.73
384.29	493.53	1205.92
388.08	495.15	1145.54
391.86	496.79	1089.92
395.64	498.44	1038.49
399.41	500.10	990.78
403.18	501.79	946.38
406.93	503.49	904.95
410.68	505.20	866.19
414.42	506.93	829.84
418.16	508.69	795.68
421.88	510.46	763.50
425.59	512.25	733.15
429.30	514.06	704.45
432.99	515.89	677.29
436.67	517.75	651.55
440.34	519.63	627.11
444.00	521.53	603.88
447.65	523.46	581.78
451.28	525.42	560.74
454.89	527.40	540.68
458.49	529.41	521.54
462.08	531.44	503.27
465.65	533.51	485.83
469.20	535.61	469.15
472.73	537.73	453.21
476.24	539.89	437.96
479.73	542.09	423.38
483.21	544.31	409.42
486.65	546.57	396.07
490.08	548.87	383.30
493.48	551.21	371.08
496.85	553.58	359.39
500.20	555.99	348.21
503.51	558.44	337.53
506.80	560.93	327.33
510.05	563.46	317.59
513.28	566.03	308.30
516.46	568.65	299.44
519.62	571.31	291.02
522.73	574.01	283.00
525.80	576.76	275.39
528.83	579.55	268.18
531.82	582.39	261.36
534.76	585.28	254.92
537.66	588.22	248.85
540.51	591.20	243.14
543.30	594.23	237.81
546.05	597.31	232.82
548.74	600.44	228.19
551.37	603.61	223.91
553.94	606.83	219.97
556.45	610.10	216.37
558.90	613.42	213.11
561.28	616.78	210.17
563.60	620.19	207.57
565.85	623.65	205.30
568.03	627.15	203.35
570.14	630.69	201.73
572.17	634.28	200.42
574.14	637.91	199.44
576.02	641.57	198.77
577.83	645.28	198.41
580.00	650.00	198.37
581.22	652.80	207.97
582.80	656.61	222.16
584.30	660.45	237.98
585.74	664.31	255.66
587.12	668.19	275.50
588.44	672.10	297.88
589.71	676.02	323.26
590.93	679.96	352.28
592.10	683.92	385.77
593.22	687.88	424.85
594.31	691.86	471.07
595.37	695.85	526.64
596.39	699.84	594.83
597.38	703.84	680.65
598.36	707.85	792.21
599.31	711.86	943.52
600.24	715.88	1161.12
601.16	719.90	1502.02
602.06	723.92	2114.97
602.96	727.95	3549.14
603.86	731.97	10875.80
604.75	736.00	-10283.73
605.64	740.02	-3491.24
606.54	744.05	-2099.76
607.45	748.07	-1498.57
608.37	752.09	-1162.50
609.30	756.11	-947.33
610.25	760.12	-797.42
611.22	764.13	-686.73
612.22	768.13	-601.49
613.24	772.12	-533.69
614.29	776.11	-478.39
615.38	780.09	-432.37
616.51	784.05	-393.43
617.67	788.01	-360.04
618.89	791.95	-331.09
620.15	795.87	-305.74
621.46	799.78	-283.39
622.83	803.67	-263.55
624.26	807.54	-245.85
625.76	811.38	-230.01
627.32	815.20	-215.78
628.96	818.98	-202.97
630.67	822.73	-191.44
632.47	826.44	-181.06
634.35	830.11	-171.73
636.31	833.74	-163.36
638.37	837.31	-155.88
640.00	840.00	-151.91
642.76	844.29	-157.31
645.10	847.69	-163.53
647.52	851.03	-170.64
650.02	854.31	-178.71
652.59	857.53	-187.82
655.24	860.69	-198.08
657.95	863.80	-209.60
660.72	866.85	-222.55
663.54	869.86	-237.12
666.42	872.81	-253.54
669.35	875.71	-272.10
672.32	878.57	-293.18
675.33	881.39	-317.26
678.37	884.17	-344.97
681.45	886.91	-377.13
684.56	889.62	-414.86
687.70	892.30	-459.73
690.85	894.95	-513.95
694.04	897.57	-580.78
697.23	900.18	-665.23
700.45	902.76	-775.44
703.68	905.32	-925.46
706.92	907.87	-1141.94
710.17	910.41	-1482.16
713.43	912.94	-2096.05
716.69	915.46	-3539.81
719.95	917.98	-11046.38
723.22	920.50	10078.36
726.48	923.02	3482.78
729.74	925.54	2111.71
733.00	928.07	1517.83
736.25	930.61	1185.81
739.49	933.16	973.46
742.72	935.72	825.78
745.94	938.30	717.01
749.14	940.90	633.49
752.32	943.52	567.27
755.49	946.16	513.46
760.00	950.00	468.86
761.76	951.52	477.58
764.85	954.24	531.41
767.93	956.99	598.54
770.99	959.75	684.66
774.03	962.54	799.38
777.06	965.34	960.06
780.07	968.15	1201.84
783.08	970.98	1607.91
786.07	973.81	2434.75
789.07	976.64	5051.90
792.06	979.48	-59043.15
795.05	982.32	-4264.64
798.04	985.16	-2196.41
801.04	987.99	-1470.71
804.05	990.81	-1100.02
807.06	993.62	-874.66
810.09	996.41	-722.93
813.14	999.19	-613.67
816.21	1001.95	-531.13
819.29	1004.69	-466.52
822.40	1007.39	-414.54
825.54	1010.07	-371.80
828.71	1012.71	-336.06
831.91	1015.31	-305.74
835.14	1017.87	-279.73
838.41	1020.38	-257.20
841.72	1022.84	-237.56
845.07	1025.24	-220.34
848.47	1027.57	-205.17
851.92	1029.84	-191.77
855.41	1032.04	-179.93
858.95	1034.15	-169.46
862.54	1036.17	-160.23
866.18	1038.11	-152.11
870.00	1040.00	-145.12
873.62	1041.67	-150.20
877.41	1043.29	-156.69
881.24	1044.82	-164.14
885.11	1046.25	-172.65
889.01	1047.58	-182.32
892.94	1048.83	-193.28
896.89	1050.00	-205.69
900.87	1051.08	-219.74
904.87	1052.09	-235.69
908.88	1053.03	-253.85
912.91	1053.90	-274.63
916.96	1054.71	-298.54
921.01	1055.47	-326.29
925.07	1056.18	-358.80
929.14	1056.83	-397.36
933.22	1057.45	-443.81
937.30	1058.03	-500.80
941.39	1058.58	-572.38
945.48	1059.09	-665.05
949.57	1059.58	-789.82
953.67	1060.05	-967.09
957.77	1060.50	-1239.29
961.87	1060.94	-1711.51
965.97	1061.37	-2734.92
970.07	1061.79	-6644.21
974.18	1062.21	16234.17
978.28	1062.63	3688.16
982.38	1063.05	2089.64
986.48	1063.49	1461.44
990.58	1063.93	1125.32
994.68	1064.39	915.72
998.77	1064.87	772.33
1002.86	1065.37	667.93
1006.95	1065.89	588.46
1011.04	1066.45	525.88
1015.12	1067.03	475.31
1019.20	1067.65	433.57
1023.27	1068.31	398.55
1027.33	1069.01	368.76
1031.39	1069.76	343.13
1035.43	1070.56	320.88
1039.47	1071.40	301.40
1043.49	1072.31	284.26
1047.50	1073.27	269.10
1051.50	1074.29	255.64
1055.47	1075.38	243.65
1059.43	1076.53	232.98
1063.37	1077.76	223.46
1067.28	1079.05	214.98
1070.00	1080.00	206.32
1075.03	1081.87	195.24
1078.86	1083.40	184.03
1082.66	1085.02	172.80
1086.41	1086.72	161.64
1090.12	1088.52	150.66
1093.78	1090.42	139.94
1097.38	1092.43	129.54
1100.91	1094.56	119.55
1104.37	1096.80	110.02
1107.75	1099.17	101.01
1111.02	1101.68	92.59
1114.18	1104.33	84.80
1117.20	1107.13	77.70
1120.00	1110.00	71.49
1122.78	1113.20	71.56
1125.29	1116.47	72.44
1127.62	1119.87	74.14
1129.75	1123.40	76.67
1131.69	1127.04	80.05
1133.45	1130.77	84.27
1135.01	1134.58	89.35
1136.40	1138.46	95.31
1137.62	1142.40	102.17
1138.68	1146.39	109.95
1139.59	1150.41	118.68
1140.36	1154.46	128.41
1141.00	1158.53	139.17
1141.52	1162.62	151.05
1141.93	1166.73	164.11
1142.23	1170.84	178.45
1142.44	1174.96	194.18
1142.56	1179.08	211.46
1142.60	1183.20	230.46
1142.56	1187.32	251.40
1142.46	1191.45	274.58
1142.30	1195.57	300.34
1142.08	1199.68	329.14
1141.81	1203.80	361.58
1141.49	1207.91	398.42
1141.13	1212.02	440.71
1140.73	1216.12	489.86
1140.29	1220.22	547.88
1139.83	1224.32	617.62
1139.34	1228.41	703.41
1138.82	1232.50	812.01
1138.28	1236.59	954.63
1137.73	1240.68	1151.41
1137.16	1244.76	1442.30
1136.58	1248.84	1919.48
1135.99	1252.92	2854.19
1135.39	1257.00	5541.17
1134.79	1261.08	97503.00
1134.19	1265.16	-6198.75
1133.60	1269.24	-2981.95
1133.01	1273.32	-1949.49
1132.43	1277.41	-1438.18
1131.86	1281.49	-1131.57
1131.30	1285.58	-926.33
1130.76	1289.66	-778.68
1130.25	1293.76	-666.91
1129.76	1297.85	-579.04
1129.30	1301.95	-507.89
1128.87	1306.05	-448.94
1128.48	1310.15	-399.18
1128.13	1314.26	-356.53
1127.83	1318.37	-319.51
1127.59	1322.49	-287.06
1127.40	1326.61	-258.38
1127.28	1330.73	-232.85
1127.23	1334.85	-210.01
1127.26	1338.98	-189.51
1127.38	1343.10	-171.05
1127.60	1347.22	-154.41
1127.94	1351.33	-139.43
1128.39	1355.42	-125.94
1128.98	1359.51	-113.84
1129.71	1363.56	-103.05
1130.61	1367.59	-93.48
1131.68	1371.57	-85.10
1132.94	1375.49	-77.85
1134.41	1379.34	-71.70
1136.10	1383.11	-66.64
1138.02	1386.75	-62.64
1140.00	1390.00	-59.98
1142.57	1393.63	-61.57
1145.17	1396.82	-63.87
1147.98	1399.84	-66.85
1150.97	1402.68	-70.47
1154.12	1405.34	-74.71
1157.41	1407.82	-79.53
1160.83	1410.13	-84.88
1164.35	1412.27	-90.74
1167.97	1414.25	-97.04
1171.67	1416.07	-103.76
1175.44	1417.74	-110.83
1179.27	1419.28	-118.23
1183.15	1420.67	-125.90
1187.07	1421.94	-133.79
1191.03	1423.09	-141.86
1195.02	1424.12	-150.06
1199.04	1425.05	-158.35
1203.08	1425.86	-166.68
1207.14	1426.58	-175.01
1211.22	1427.20	-183.30
1215.31	1427.73	-191.49
1219.41	1428.17	-199.56
1223.51	1428.53	-207.47
1227.63	1428.80	-215.17
1231.75	1429.00	-222.63
1235.87	1429.12	-229.81
1239.99	1429.16	-236.69
1244.11	1429.14	-243.22
1248.24	1429.04	-249.39
1252.36	1428.88	-255.17
1256.47	1428.65	-260.54
1260.59	1428.35	-265.46
1264.69	1427.99	-269.93
1268.80	1427.57	-273.92
1272.89	1427.08	-277.42
1276.98	1426.54	-280.43
1281.06	1425.93	-282.92
1285.13	1425.27	-284.90
1289.19	1424.54	-286.36
1293.23	1423.76	-287.30
1297.27	1422.92	-287.72
1301.30	1422.02	-287.62
1305.31	1421.07	-287.01
1309.30	1420.05	-285.89
1313.29	1418.98	-284.28
1317.25	1417.86	-282.20
1321.20	1416.67	-279.64
1325.13	1415.43	-276.63
1329.04	1414.12	-273.20
1332.94	1412.76	-269.34
1336.81	1411.34	-265.10
1340.66	1409.86	-260.49
1344.48	1408.32	-255.53
1348.28	1406.72	-250.26
1352.05	1405.05	-244.69
1355.79	1403.32	-238.85
1359.51	1401.53	-232.78
1363.19	1399.67	-226.49
1366.83	1397.74	-220.03
1370.00	1396.00	-214.76
1374.01	1393.69	-219.31
1377.55	1391.56	-224.56
1381.04	1389.37	-230.54
1384.49	1387.11	-237.33
1387.90	1384.80	-245.01
1391.27	1382.42	-253.67
1394.61	1380.00	-263.44
1397.90	1377.52	-274.46
1401.16	1374.99	-286.90
1404.38	1372.42	-300.99
1407.57	1369.80	-317.01
1410.72	1367.14	-335.33
1413.84	1364.44	-356.40
1416.92	1361.71	-380.85
1419.98	1358.94	-409.51
1423.01	1356.14	-443.53
1426.01	1353.32	-484.53
1428.99	1350.47	-534.89
1431.95	1347.59	-598.24
1434.89	1344.70	-680.39
1437.81	1341.79	-791.28
1440.71	1338.86	-949.35
1443.60	1335.92	-1193.26
1446.48	1332.97	-1619.84
1449.36	1330.01	-2559.47
1452.22	1327.05	-6349.71
1455.09	1324.09	12044.73
1457.96	1321.13	3015.57
1460.83	1318.17	1697.42
1463.71	1315.21	1167.56
1466.60	1312.27	881.33
1469.50	1309.35	701.92
1472.42	1306.43	578.85
1475.37	1303.54	489.14
1478.33	1300.68	420.83
1481.33	1297.84	367.09
1484.35	1295.04	323.75
1487.41	1292.28	288.09
1490.51	1289.56	258.30
1493.65	1286.89	233.11
1496.84	1284.28	211.60
1500.08	1281.73	193.11
1503.38	1279.25	177.14
1506.73	1276.84	163.29
1510.14	1274.53	151.29
1513.61	1272.30	140.89
1517.14	1270.18	131.92
1520.74	1268.17	124.24
1524.41	1266.28	117.72
1528.14	1264.52	112.29
1531.93	1262.90	107.85
1535.78	1261.42	104.37
1540.00	1260.00	101.77
1543.64	1258.93	107.73
1547.64	1257.92	115.44
1551.67	1257.05	124.30
1555.72	1256.32	134.42
1559.80	1255.70	145.92
1563.89	1255.21	158.97
1568.00	1254.82	173.76
1572.11	1254.53	190.56
1576.23	1254.33	209.70
1580.35	1254.20	231.61
1584.48	1254.16	256.87
1588.60	1254.18	286.28
1592.72	1254.25	320.90
1596.84	1254.38	362.28
1600.96	1254.56	412.63
1605.08	1254.78	475.36
1609.20	1255.04	555.85
1613.31	1255.32	663.23
1617.42	1255.63	814.27
1621.53	1255.96	1043.47
1625.64	1256.31	1434.79
1629.75	1256.67	2260.01
1633.85	1257.04	5168.88
1637.96	1257.41	-19453.28
1642.07	1257.78	-3408.14
1646.17	1258.14	-1873.40
1650.28	1258.50	-1292.48
1654.39	1258.84	-985.90
1658.50	1259.16	-795.75
1662.61	1259.47	-665.83
1666.73	1259.75	-571.12
1670.84	1260.00	-498.78
1674.96	1260.21	-441.57
1679.08	1260.39	-395.09
1683.20	1260.52	-356.50
1687.33	1260.61	-323.90
1691.45	1260.64	-295.98
1695.57	1260.61	-271.80
1699.69	1260.53	-250.65
1703.82	1260.37	-232.02
1707.93	1260.14	-215.51
1710.00	1260.00	-207.96
1716.15	1259.45	-208.25
1720.25	1258.98	-208.79
1724.33	1258.43	-209.59
1728.41	1257.80	-210.66
1732.47	1257.09	-211.98
1736.52	1256.30	-213.56
1740.55	1255.43	-215.41
1744.56	1254.49	-217.51
1748.56	1253.47	-219.88
1752.53	1252.38	-222.50
1756.49	1251.21	-225.39
1760.42	1249.97	-228.54
1764.33	1248.66	-231.95
1768.21	1247.28	-235.62
1772.07	1245.83	-239.55
1775.91	1244.32	-243.74
1779.72	1242.74	-248.19
1783.50	1241.10	-252.91
1787.26	1239.39	-257.88
1790.98	1237.63	-263.12
1794.68	1235.81	-268.63
1798.35	1233.93	-274.39
1802.00	1232.00	-280.42
1805.61	1230.01	-286.71
1809.19	1227.97	-293.27
1812.75	1225.89	-300.10
1816.28	1223.75	-307.19
1819.77	1221.57	-314.56
1823.24	1219.34	-322.19
1826.68	1217.06	-330.10
1830.09	1214.75	-338.28
1833.48	1212.39	-346.74
1836.83	1209.99	-355.47
1840.16	1207.55	-364.49
1843.46	1205.08	-373.80
1846.73	1202.57	-383.39
1850.00	1200.00	-393.33
1853.19	1197.44	-411.94
1856.38	1194.83	-432.05
1859.55	1192.19	-453.65
1862.69	1189.52	-476.94
1865.81	1186.82	-502.10
1868.90	1184.10	-529.38
1871.98	1181.35	-559.06
1875.03	1178.58	-591.49
1878.07	1175.79	-627.07
1881.08	1172.98	-666.33
1884.08	1170.15	-709.90
1887.07	1167.31	-758.56
1890.04	1164.44	-813.34
1892.99	1161.57	-875.51
1895.93	1158.67	-946.79
1898.85	1155.77	-1029.46
1901.77	1152.85	-1126.61
1904.67	1149.93	-1242.61
1907.57	1146.99	-1383.79
1910.45	1144.04	-1559.67
1913.33	1141.09	-1785.27
1916.20	1138.13	-2085.77
1919.07	1135.17	-2506.85
1921.93	1132.20	-3140.78
1924.79	1129.22	-4206.33
1927.64	1126.25	-6378.26
1930.49	1123.27	-13268.87
1933.34	1120.29	149582.35
1936.19	1117.31	11168.12
1939.05	1114.33	5767.67
1941.90	1111.36	3870.11
1944.76	1108.38	2900.53
1947.62	1105.42	2311.06
1950.49	1102.45	1914.19
1953.36	1099.49	1628.35
1956.24	1096.54	1412.34
1959.13	1093.60	1243.11
1962.03	1090.67	1106.76
1964.94	1087.75	994.40
1967.86	1084.84	900.11
1970.80	1081.94	819.75
1973.75	1079.06	750.38
1976.71	1076.20	689.84
1979.70	1073.35	636.49
1982.70	1070.52	589.10
1985.72	1067.72	546.70
1988.76	1064.93	508.53
1991.82	1062.17	473.97
1994.91	1059.44	442.54
1998.03	1056.74	413.83
2001.17	1054.07	387.52
2004.34	1051.43	363.32
2007.53	1048.83	341.00
2010.76	1046.26	320.39
2014.03	1043.74	301.30
2017.32	1041.26	283.60
2020.65	1038.84	267.18
2024.02	1036.46	251.93
2027.43	1034.14	237.76
2030.88	1031.88	224.60
2034.37	1029.68	212.38
2037.90	1027.55	201.06
2041.47	1025.49	190.57
2045.09	1023.51	180.87
2048.75	1021.62	171.94
2052.46	1019.81	163.73
2056.21	1018.09	156.23
2060.00	1016.48	149.40
2063.84	1014.97	143.23
2067.72	1013.57	137.69
2071.64	1012.29	132.78
2075.59	1011.13	128.48
2080.00	1010.00	124.77
2083.61	1009.20	125.46
2087.66	1008.43	126.99
2091.73	1007.80	128.91
2095.83	1007.29	131.20
2099.93	1006.92	133.86
2104.05	1006.67	136.90
2108.17	1006.54	140.31
2112.29	1006.54	144.08
2116.41	1006.65	148.20
2120.53	1006.88	152.68
2124.64	1007.22	157.51
2128.74	1007.67	162.67
2132.83	1008.22	168.18
2136.90	1008.87	174.00
2140.95	1009.62	180.15
2144.99	1010.46	186.62
2149.01	1011.39	193.39
2153.00	1012.40	200.47
2156.98	1013.50	207.84
2160.93	1014.67	215.50
2164.86	1015.92	223.44
2168.77	1017.25	231.65
2172.65	1018.64	240.13
2176.50	1020.10	248.87
2180.34	1021.62	257.87
2184.14	1023.20	267.11
2187.93	1024.84	276.58
2191.68	1026.54	286.30
2195.42	1028.29	296.23
2199.12	1030.10	306.39
2202.81	1031.95	316.75
2206.47	1033.85	327.32
2210.10	1035.80	338.09
2213.71	1037.79	349.04
2217.30	1039.82	360.18
2220.86	1041.90	371.50
2224.40	1044.01	382.98
2227.92	1046.17	394.63
2231.41	1048.36	406.43
2234.88	1050.58	418.39
2238.33	1052.84	430.48
2241.76	1055.13	442.71
2245.17	1057.45	455.06
2248.55	1059.81	467.54
2251.92	1062.19	480.13
2255.26	1064.60	492.83
2258.59	1067.04	505.63
2261.89	1069.51	518.53
2265.17	1072.00	531.51
2268.44	1074.52	544.57
2271.68	1077.07	557.70
2274.91	1079.64	570.90
2278.12	1082.23	584.16
2281.31	1084.84	597.47
2284.48	1087.48	610.83
2287.63	1090.13	624.23
2290.77	1092.81	637.65
2293.89	1095.51	651.10
2296.99	1098.22	664.57
2300.07	1100.96	678.06
2303.14	1103.72	691.54
2306.19	1106.49	705.02
2310.00	1110.00	718.49
2312.24	1112.09	782.10
2315.25	1114.92	876.57
2318.24	1117.75	991.71
2321.22	1120.60	1135.99
2324.19	1123.47	1323.28
2327.15	1126.34	1577.94
2330.10	1129.22	1947.11
2333.04	1132.10	2535.40
2335.98	1134.99	3630.67
2338.92	1137.88	6418.35
2341.86	1140.78	28835.19
2344.79	1143.68	-11256.69
2347.73	1146.57	-4635.96
2350.67	1149.46	-2882.06
2353.61	1152.35	-2067.00
2356.56	1155.23	-1593.75
2359.52	1158.11	-1283.03
2362.49	1160.97	-1062.30
2365.46	1163.82	-896.67
2368.45	1166.66	-767.26
2371.46	1169.49	-662.97
2374.48	1172.29	-576.84
2377.52	1175.07	-504.31
2380.59	1177.83	-442.26
2383.68	1180.56	-388.49
2386.80	1183.25	-341.40
2389.95	1185.91	-299.80
2393.14	1188.53	-262.82
2396.37	1191.09	-229.78
2399.65	1193.60	-200.14
2402.97	1196.03	-173.52
2406.36	1198.39	-149.58
2409.80	1200.65	-128.10
2413.32	1202.80	-108.88
2416.92	1204.82	-91.79
2420.60	1206.67	-76.72
2424.38	1208.32	-63.62
2428.26	1209.72	-52.46
2432.23	1210.81	-43.22
2436.29	1211.52	-35.94
2440.41	1211.75	-30.64
2444.51	1211.44	-27.38
2450.00	1210.00	-26.18
2452.35	1208.97	-28.75
2455.91	1206.91	-34.61
2459.21	1204.43	-42.74
2462.25	1201.64	-53.15
2465.06	1198.63	-65.88
2467.68	1195.45	-81.03
2470.13	1192.13	-98.78
2472.45	1188.72	-119.39
2474.64	1185.23	-143.22
2476.73	1181.67	-170.79
2478.73	1178.07	-202.82
2480.66	1174.43	-240.31
2482.53	1170.75	-284.69
2484.35	1167.05	-338.07
2486.11	1163.32	-403.61
2487.85	1159.58	-486.29
2489.54	1155.82	-594.45
2491.22	1152.06	-743.03
2492.87	1148.28	-961.80
2494.50	1144.49	-1319.72
2496.13	1140.70	-2020.80
2497.74	1136.91	-4051.02
2499.35	1133.11	-98890.36
2500.97	1129.32	4576.05
2502.58	1125.52	2263.00
2504.20	1121.73	1509.33
2505.83	1117.94	1132.61
2507.48	1114.16	904.72
2509.14	1110.39	750.72
2510.83	1106.63	638.80
2512.54	1102.87	553.13
2514.27	1099.13	484.98
2516.04	1095.41	429.12
2517.84	1091.70	382.26
2519.69	1088.01	342.19
2521.57	1084.35	307.40
2523.51	1080.71	276.84
2525.50	1077.10	249.71
2527.55	1073.52	225.46
2529.67	1069.98	203.64
2531.85	1066.48	183.93
2534.12	1063.04	166.06
2536.47	1059.65	149.86
2538.91	1056.33	135.15
2541.45	1053.08	121.83
2544.10	1049.92	109.80
2546.87	1046.87	99.00
2549.76	1043.93	89.37
2552.79	1041.13	80.87
2555.95	1038.48	73.48
2559.26	1036.02	67.19
2562.71	1033.77	61.98
2566.30	1031.75	57.84
2570.00	1030.00	54.83
2573.88	1028.51	58.24
2577.82	1027.30	62.92
2581.84	1026.36	68.93
2585.90	1025.66	76.32
2589.99	1025.18	85.22
2594.11	1024.90	95.76
2598.23	1024.79	108.14
2602.35	1024.84	122.66
2606.47	1025.04	139.71
2610.58	1025.35	159.86
2614.68	1025.77	183.95
2618.78	1026.28	213.22
2622.86	1026.87	249.62
2626.93	1027.53	296.34
2630.99	1028.24	358.94
2635.04	1029.00	448.09
2639.09	1029.80	587.02
2643.13	1030.63	837.72
2647.16	1031.47	1439.13
2651.20	1032.33	5007.51
2655.23	1033.19	-3343.04
2659.26	1034.05	-1235.75
2663.30	1034.89	-747.00
2667.34	1035.71	-527.33
2671.39	1036.50	-401.27
2675.44	1037.25	-318.76
2679.51	1037.94	-260.13
2683.58	1038.57	-216.05
2687.67	1039.12	-181.59
2691.76	1039.58	-153.86
2695.87	1039.93	-131.11
2699.99	1040.15	-112.18
2704.11	1040.22	-96.33
2710.00	1040.00	-83.02
2712.35	1039.79	-76.16
2716.43	1039.26	-73.55
2720.48	1038.50	-71.73
2724.49	1037.50	-70.71
2728.42	1036.28	-70.49
2732.28	1034.82	-71.09
2736.05	1033.15	-72.50
2739.71	1031.26	-74.74
2743.27	1029.18	-77.80
2746.71	1026.91	-81.69
2750.03	1024.47	-86.41
2753.24	1021.87	-91.98
2756.32	1019.13	-98.39
2759.29	1016.27	-105.66
2762.14	1013.29	-113.81
2764.88	1010.21	-122.85
2767.52	1007.04	-132.80
2770.05	1003.79	-143.69
2772.50	1000.47	-155.56
2774.85	997.08	-168.45
2777.12	993.64	-182.40
2779.31	990.15	-197.48
2781.43	986.61	-213.77
2783.48	983.03	-231.33
2785.46	979.42	-250.28
2787.39	975.77	-270.73
2789.26	972.10	-292.83
2791.08	968.39	-316.75
2792.85	964.67	-342.68
2794.57	960.93	-370.87
2796.26	957.16	-401.61
2797.90	953.38	-435.27
2799.51	949.58	-472.27
2801.08	945.77	-513.18
2802.63	941.95	-558.66
2804.14	938.11	-609.59
2805.63	934.27	-667.07
2807.10	930.42	-732.56
2808.54	926.55	-808.00
2809.97	922.68	-896.00
2811.38	918.81	-1000.24
2812.77	914.93	-1125.97
2814.14	911.04	-1281.04
2815.51	907.15	-1477.65
2816.86	903.25	-1735.90
2818.21	899.36	-2091.45
2819.54	895.45	-2614.00
2820.87	891.55	-3460.82
2822.20	887.65	-5077.36
2823.52	883.74	-9413.74
2824.84	879.84	-60826.52
2826.16	875.93	13749.57
2827.48	872.02	6188.30
2828.81	868.12	3992.56
2830.14	864.21	2944.23
2831.47	860.31	2328.58
2832.81	856.41	1922.44
2834.16	852.52	1633.62
2835.52	848.62	1417.11
2836.89	844.73	1248.32
2838.27	840.85	1112.68
2839.67	836.97	1001.04
2841.08	833.10	907.31
2842.51	829.23	827.32
2843.96	825.37	758.12
2845.43	821.52	697.55
2846.93	817.68	643.99
2848.45	813.84	596.22
2850.00	810.00	553.81
2851.57	806.21	532.64
2853.17	802.41	512.85
2854.80	798.62	493.82
2856.47	794.85	475.50
2858.16	791.09	457.87
2859.90	787.35	440.90
2861.66	783.62	424.56
2863.46	779.91	408.82
2865.30	776.22	393.68
2867.18	772.55	379.10
2869.10	768.90	365.08
2871.06	765.28	351.59
2873.06	761.67	338.62
2875.11	758.09	326.15
2877.20	754.54	314.18
2879.33	751.01	302.69
2881.52	747.51	291.67
2883.75	744.05	281.11
2886.04	740.61	271.01
2888.37	737.22	261.35
2890.76	733.86	252.13
2893.21	730.54	243.33
2895.71	727.26	234.97
2898.26	724.02	227.02
2900.88	720.83	219.49
2903.56	717.70	212.37
2906.29	714.61	205.66
2909.09	711.58	199.35
2911.95	708.61	193.44
2914.87	705.70	187.93
2917.85	702.86	182.82
2920.90	700.08	178.10
2924.01	697.37	173.78
2927.19	694.74	169.84
2930.43	692.19	166.29
2933.73	689.72	163.14
2937.09	687.33	160.37
2940.51	685.03	157.98
2943.99	682.82	155.98
2947.53	680.70	154.36
2951.12	678.68	153.13
2954.77	676.75	152.28
2958.46	674.93	151.80
2962.21	673.20	151.71
2966.00	671.58	151.99
2970.00	670.00	152.65
2973.71	668.65	159.03
2977.62	667.33	166.20
2981.55	666.12	173.93
2985.52	664.99	182.24
2989.51	663.96	191.14
2993.53	663.01	200.64
2997.56	662.15	210.75
3001.61	661.36	221.50
3005.67	660.65	232.91
3009.74	660.02	245.01
3013.83	659.45	257.81
3017.92	658.94	271.36
3022.02	658.50	285.69
3026.12	658.12	300.83
3030.23	657.79	316.85
3034.35	657.52	333.79
3038.47	657.30	351.71
3042.59	657.13	370.68
3046.71	657.00	390.78
3050.83	656.92	412.11
3054.95	656.87	434.76
3059.08	656.87	458.87
3063.20	656.91	484.56
3067.32	656.97	512.01
3071.44	657.08	541.39
3075.57	657.21	572.94
3079.69	657.37	606.92
3083.80	657.56	643.64
3087.92	657.78	683.47
3092.04	658.02	726.86
3096.15	658.29	774.35
3100.27	658.58	826.62
3104.38	658.88	884.49
3108.49	659.21	949.00
3112.60	659.56	1021.47
3116.71	659.92	1103.59
3120.81	660.30	1197.59
3124.92	660.69	1306.46
3129.02	661.09	1434.25
3133.12	661.51	1586.71
3137.22	661.93	1772.13
3141.32	662.37	2003.01
3145.42	662.81	2299.14
3149.52	663.27	2693.73
3153.62	663.72	3247.16
3157.72	664.19	4081.87
3161.81	664.66	5489.77
3165.91	665.13	8380.34
3170.01	665.60	17747.57
3174.10	666.07	-144131.08
3178.20	666.55	-14148.49
3182.30	667.02	-7405.44
3186.39	667.49	-4995.73
3190.49	667.95	-3755.80
3194.59	668.42	-2998.85
3198.68	668.87	-2487.71
3202.78	669.32	-2118.69
3206.88	669.76	-1839.23
3210.98	670.20	-1619.85
3215.09	670.62	-1442.75
3219.19	671.03	-1296.53
3223.29	671.43	-1173.57
3227.40	671.81	-1068.55
3231.50	672.18	-977.69
3235.61	672.53	-898.21
3239.72	672.86	-827.99
3243.84	673.17	-765.45
3247.95	673.46	-709.33
3252.06	673.72	-658.65
3256.18	673.96	-612.61
3260.30	674.17	-570.59
3264.42	674.35	-532.06
3268.54	674.50	-496.60
3272.66	674.61	-463.84
3276.78	674.69	-433.49
3280.91	674.73	-405.30
3285.03	674.73	-379.06
3289.15	674.68	-354.58
3293.27	674.58	-331.70
3297.40	674.44	-310.31
3301.51	674.24	-290.28
3305.63	673.97	-271.51
3309.74	673.65	-253.92
3313.84	673.26	-237.43
3317.94	672.80	-221.99
3322.03	672.26	-207.53
3326.11	671.65	-194.01
3330.17	670.94	-181.39
3334.22	670.14	-169.63
3338.24	669.25	-158.70
3342.24	668.25	-148.58
3346.21	667.14	-139.24
3350.15	665.91	-130.67
3354.04	664.56	-122.84
3357.89	663.08	-115.76
3361.68	661.47	-109.40
3365.41	659.71	-103.76
3369.07	657.80	-98.84
3372.64	655.75	-94.62
3376.13	653.54	-91.10
3379.50	651.17	-88.29
3382.77	648.65	-86.17
3385.91	645.98	-84.75
3388.91	643.16	-84.02
3391.78	640.19	-83.97
3394.49	637.09	-84.61
3397.05	633.86	-85.92
3399.45	630.51	-87.91
3401.70	627.05	-90.56
3403.78	623.49	-93.87
3405.70	619.84	-97.83
3407.47	616.12	-102.43
3409.09	612.33	-107.67
3410.00	610.00	-115.49
3411.90	604.57	-127.08
3413.10	600.63	-139.47
3414.19	596.65	-152.62
3415.17	592.65	-166.52
3416.06	588.62	-181.17
3416.85	584.57	-196.53
3417.55	580.51	-212.60
3418.18	576.43	-229.36
3418.73	572.35	-246.81
3419.21	568.25	-264.94
3419.63	564.15	-283.73
3419.99	560.04	-303.20
3420.30	555.93	-323.32
3420.55	551.82	-344.11
3420.75	547.70	-365.56
3420.91	543.58	-387.68
3421.02	539.46	-410.47
3421.09	535.33	-433.94
3421.12	531.21	-458.09
3421.12	527.09	-482.95
3421.08	522.96	-508.52
3421.00	518.84	-534.83
3420.90	514.72	-561.90
3420.76	510.60	-589.77
3420.60	506.48	-618.45
3420.40	502.36	-647.99
3420.18	498.24	-678.44
3419.94	494.12	-709.85
3419.67	490.01	-742.28
3419.38	485.90	-775.81
3419.07	481.79	-810.51
3418.74	477.68	-846.49
3418.38	473.57	-883.87
3418.01	469.46	-922.78
3417.62	465.36	-963.39
3417.21	461.25	-1005.88
3416.79	457.15	-1050.49
3416.35	453.05	-1097.50
3415.89	448.95	-1147.24
3415.42	444.86	-1200.11
3414.93	440.76	-1256.62
3414.43	436.67	-1317.38
3413.92	432.58	-1383.18
3413.40	428.49	-1454.99
3412.86	424.40	-1534.08
3412.32	420.31	-1622.12
3411.76	416.23	-1721.29
3411.19	412.14	-1834.58
3410.62	408.06	-1966.17
3410.03	403.98	-2122.03
3409.44	399.90	-2311.02
3408.84	395.82	-2546.93
3408.23	391.74	-2852.37
3407.62	387.66	-3267.07
3407.00	383.58	-3868.18
3406.38	379.51	-4827.15
3405.76	375.43	-6618.09
3405.13	371.36	-11211.13
3404.50	367.28	-50005.28
3403.87	363.21	17131.12
3403.24	359.13	6738.18
3402.62	355.06	3945.94
3401.99	350.98	2645.55
3401.38	346.90	1891.97
3400.77	342.82	1399.82
3400.18	338.74	1053.30
3399.60	334.66	796.69
3399.04	330.57	599.84
3398.52	326.49	445.20
3398.03	322.39	321.88
3397.59	318.29	222.95
3397.23	314.18	143.92
3396.99	310.07	82.08
3396.97	305.94	36.26
3397.51	301.87	7.47
3400.00	300.00	4.32
3403.50	302.99	30.79
3406.04	306.24	76.46
3408.38	309.63	140.18
3410.62	313.09	223.93
3412.80	316.59	332.04
3414.93	320.12	471.89
3417.02	323.67	655.82
3419.10	327.24	905.18
3421.16	330.81	1259.71
3423.21	334.39	1801.75
3425.25	337.97	2733.88
3427.28	341.56	4722.15
3429.31	345.15	11980.26
3431.34	348.74	-38950.91
3433.37	352.32	-8311.63
3435.40	355.91	-4906.09
3437.44	359.50	-3587.68
3439.48	363.08	-2882.39
3441.52	366.66	-2439.50
3443.57	370.24	-2132.82
3445.63	373.82	-1905.84
3447.69	377.39	-1729.45
3449.77	380.95	-1587.17
3451.85	384.51	-1468.96
3453.94	388.06	-1368.35
3456.04	391.61	-1281.01
3458.16	395.15	-1203.92
3460.29	398.68	-1134.92
3462.42	402.21	-1072.41
3464.58	405.72	-1015.21
3466.75	409.23	-962.41
3468.93	412.73	-913.30
3471.13	416.22	-867.33
3473.34	419.70	-824.06
3475.57	423.16	-783.13
3477.82	426.62	-744.26
3480.09	430.06	-707.22
3482.38	433.49	-671.81
3484.69	436.91	-637.88
3487.02	440.31	-605.29
3489.38	443.69	-573.94
3491.76	447.06	-543.73
3494.16	450.41	-514.59
3496.60	453.74	-486.46
3499.06	457.05	-459.29
3501.55	460.33	-433.02
3504.07	463.60	-407.63
3506.62	466.83	-383.08
3509.21	470.04	-359.36
3511.84	473.22	-336.44
3514.50	476.37	-314.31
3517.20	479.48	-292.96
3519.95	482.55	-272.40
3522.75	485.59	-252.60
3525.59	488.57	-233.58
3528.49	491.51	-215.34
3531.44	494.39	-197.89
3534.45	497.20	-181.23
3537.53	499.95	-165.39
3540.67	502.62	-150.36
3543.88	505.20	-136.18
3547.18	507.68	-122.86
3550.55	510.06	-110.43
3554.01	512.30	-98.91
3557.56	514.40	-88.33
3561.20	516.33	-78.73
3564.94	518.06	-70.13
3570.00	520.00	-62.58
3572.70	520.83	-58.63
3576.71	521.81	-56.85
3580.77	522.50	-56.08
3584.88	522.89	-56.32
3589.00	522.97	-57.58
3593.11	522.76	-59.88
3597.21	522.27	-63.21
3601.26	521.51	-67.58
3605.26	520.51	-73.00
3609.20	519.29	-79.48
3613.06	517.86	-87.04
3616.86	516.25	-95.69
3620.58	514.47	-105.46
3624.23	512.56	-116.40
3627.81	510.51	-128.55
3631.32	508.35	-141.98
3634.77	506.09	-156.77
3638.16	503.74	-173.00
3641.49	501.31	-190.81
3644.77	498.81	-210.35
3648.00	496.24	-231.78
3651.18	493.62	-255.35
3654.32	490.94	-281.33
3657.41	488.22	-310.07
3660.48	485.46	-342.01
3663.51	482.67	-377.71
3666.50	479.83	-417.87
3669.48	476.97	-463.45
3672.42	474.09	-515.66
3675.34	471.18	-576.20
3678.24	468.25	-647.37
3681.12	465.30	-732.47
3683.99	462.33	-836.38
3686.84	459.35	-966.56
3689.68	456.36	-1135.07
3692.50	453.36	-1362.81
3695.32	450.35	-1689.24
3698.13	447.33	-2199.08
3700.94	444.31	-3113.04
3703.74	441.29	-5243.49
3706.54	438.26	-16005.59
3709.33	435.23	15588.37
3712.13	432.20	5268.17
3714.93	429.17	3173.02
3717.74	426.15	2268.71
3720.55	423.13	1762.74
3723.37	420.12	1438.16
3726.19	417.12	1211.39
3729.03	414.13	1043.36
3731.88	411.14	913.39
3734.74	408.18	809.51
3737.61	405.22	724.29
3740.51	402.28	652.90
3743.42	399.36	592.05
3746.35	396.46	539.45
3749.31	393.59	493.41
3752.28	390.74	452.71
3755.29	387.91	416.40
3758.32	385.12	383.78
3761.38	382.35	354.28
3764.47	379.63	327.46
3767.60	376.94	302.97
3770.77	374.30	280.52
3773.97	371.70	259.88
3777.21	369.15	240.87
3780.50	366.66	223.31
3783.83	364.23	207.10
3787.21	361.87	192.11
3790.00	360.00	179.94
3794.12	357.37	175.81
3797.65	355.24	171.98
3801.23	353.20	168.45
3804.86	351.25	165.23
3808.54	349.38	162.32
3812.27	347.61	159.72
3816.03	345.94	157.44
3819.85	344.37	155.47
3823.70	342.90	153.81
3827.59	341.53	152.47
3831.51	340.27	151.44
3835.47	339.11	150.73
3839.46	338.06	150.34
3843.47	337.13	150.27
3847.51	336.30	150.51
3851.58	335.59	151.07
3855.65	334.98	151.94
3859.75	334.49	153.12
3863.85	334.11	154.62
3867.97	333.83	156.42
3872.09	333.67	158.54
3876.21	333.61	160.95
3880.33	333.66	163.67
3884.45	333.81	166.69
3888.57	334.06	170.00
3892.68	334.42	173.61
3896.78	334.87	177.50
3900.86	335.42	181.67
3904.94	336.05	186.13
3908.99	336.78	190.86
3913.04	337.60	195.86
3917.06	338.50	201.13
3921.06	339.48	206.65
3925.05	340.55	212.44
3929.01	341.69	218.48
3932.95	342.90	224.76
3936.87	344.19	231.28
3940.76	345.55	238.04
3944.63	346.97	245.03
3948.48	348.46	252.25
3952.30	350.01	259.68
3956.09	351.62	267.33
3959.86	353.29	275.18
3963.61	355.02	283.24
3967.33	356.80	291.50
3971.02	358.63	299.94
3974.69	360.52	308.58
3978.33	362.45	317.39
3981.95	364.43	326.37
3985.54	366.45	335.52
3989.10	368.52	344.83
3992.65	370.64	354.30
3996.16	372.79	363.91
3999.65	374.98	373.67
4003.12	377.21	383.56
4006.57	379.48	393.58
4009.99	381.79	403.73
4013.38	384.12	413.99
4016.75	386.50	424.36
4020.10	388.90	434.84
4023.43	391.34	445.41
4026.73	393.81	456.08
4030.01	396.31	466.83
4033.27	398.83	477.66
4036.51	401.39	488.55
4039.72	403.97	499.51
4042.92	406.58	510.53
4046.09	409.21	521.60
4049.24	411.87	532.70
4052.37	414.55	543.85
4055.48	417.26	555.02
4058.57	419.99	566.21
4061.64	422.74	577.42
4064.69	425.52	588.63
4067.73	428.31	599.85
4070.74	431.13	611.05
4073.73	433.96	622.23
4076.70	436.82	633.40
4079.66	439.70	644.52
4082.60	442.59	655.61
4085.51	445.50	666.66
4088.41	448.43	677.64
4091.30	451.38	688.56
4094.16	454.35	699.41
4097.01	457.33	710.18
4099.84	460.33	720.86
4102.65	463.34	731.45
4105.45	466.37	741.93
4108.23	469.42	752.29
4110.99	472.48	762.54
4113.73	475.56	772.65
4116.46	478.65	782.62
4119.18	481.76	792.45
4121.87	484.88	802.12
4124.55	488.01	811.62
4127.22	491.16	820.95
4129.87	494.32	830.09
4132.50	497.49	839.04
4135.12	500.68	847.79
4137.72	503.87	856.33
4140.30	507.09	864.65
4142.88	510.31	872.74
4145.43	513.55	880.60
4147.97	516.79	888.21
4150.50	520.05	895.56
4153.01	523.32	902.64
4155.50	526.61	909.45
4157.98	529.90	915.98
4160.45	533.21	922.21
4162.90	536.52	928.15
4165.34	539.85	933.77
4167.76	543.19	939.07
4170.16	546.53	944.05
4172.56	549.89	948.68
4174.93	553.26	952.97
4177.30	556.64	956.91
4179.64	560.03	960.48
4181.98	563.43	963.68
4184.30	566.84	966.50
4186.60	570.26	968.93
4188.89	573.69	970.97
4191.17	577.13	972.60
4193.43	580.57	973.81
4195.67	584.03	974.61
4197.91	587.50	974.98
4200.12	590.98	974.91
4202.32	594.46	974.40
4204.51	597.96	973.45
4206.68	601.46	972.04
4208.84	604.98	970.17
4210.98	608.50	967.83
4213.11	612.03	965.02
4215.22	615.57	961.73
4217.32	619.12	957.96
4219.40	622.68	953.70
4221.47	626.25	948.96
4223.52	629.83	943.71
4225.56	633.41	937.98
4227.58	637.01	931.74
4229.58	640.61	925.00
4231.57	644.23	917.75
4233.54	647.85	910.00
4235.49	651.48	901.75
4237.43	655.12	892.99
4240.00	660.00	883.73
4241.26	662.42	883.97
4243.15	666.09	889.70
4245.02	669.76	896.02
4246.87	673.45	902.98
4248.71	677.14	910.60
4250.53	680.84	918.93
4252.33	684.55	928.02
4254.12	688.26	937.91
4255.89	691.99	948.66
4257.64	695.72	960.33
4259.38	699.46	973.00
4261.10	703.20	986.73
4262.81	706.96	1001.62
4264.50	710.72	1017.76
4266.18	714.49	1035.25
4267.84	718.26	1054.23
4269.48	722.04	1074.83
4271.11	725.83	1097.20
4272.73	729.62	1121.52
4274.33	733.42	1148.00
4275.92	737.22	1176.88
4277.50	741.03	1208.43
4279.06	744.85	1242.97
4280.62	748.67	1280.87
4282.15	752.50	1322.57
4283.68	756.33	1368.59
4285.20	760.16	1419.56
4286.70	764.00	1476.22
4288.19	767.84	1539.50
4289.67	771.69	1610.52
4291.15	775.54	1690.67
4292.61	779.40	1781.72
4294.07	783.26	1885.91
4295.51	787.12	2006.15
4296.95	790.98	2146.28
4298.38	794.85	2311.50
4299.81	798.72	2508.94
4301.22	802.59	2748.79
4302.63	806.47	3046.01
4304.04	810.34	3423.56
4305.44	814.22	3918.53
4306.84	818.10	4595.05
4308.23	821.98	5574.27
4309.63	825.86	7116.16
4311.02	829.74	9897.61
4312.40	833.63	16408.65
4313.79	837.51	49322.23
4315.18	841.39	-47736.18
4316.56	845.28	-15948.52
4317.95	849.16	-9527.56
4319.34	853.04	-6770.83
4320.73	856.92	-5239.08
4322.13	860.80	-4264.91
4323.52	864.68	-3591.25
4324.93	868.56	-3097.99
4326.33	872.43	-2721.53
4327.75	876.31	-2424.99
4329.17	880.18	-2185.58
4330.60	884.05	-1988.39
4332.03	887.91	-1823.31
4333.48	891.78	-1683.20
4334.93	895.63	-1562.92
4336.40	899.49	-1458.63
4337.87	903.34	-1367.42
4339.36	907.18	-1287.07
4340.86	911.03	-1215.83
4342.37	914.86	-1152.29
4343.89	918.69	-1095.34
4345.43	922.52	-1044.06
4346.99	926.34	-997.71
4348.56	930.15	-955.66
4350.15	933.95	-917.40
4351.75	937.75	-882.49
4353.37	941.54	-850.55
4355.02	945.33	-821.27
4356.67	949.10	-794.38
4358.35	952.87	-769.64
4360.05	956.62	-746.85
4361.77	960.37	-725.83
4363.51	964.11	-706.42
4365.28	967.84	-688.50
4367.06	971.55	-671.93
4368.87	975.26	-656.61
4370.70	978.95	-642.45
4372.56	982.64	-629.36
4374.44	986.31	-617.27
4376.34	989.97	-606.11
4378.27	993.61	-595.82
4380.22	997.24	-586.34
4382.20	1000.86	-577.63
4384.21	1004.46	-569.64
4386.24	1008.05	-562.33
4388.29	1011.62	-555.66
4390.38	1015.18	-549.60
4392.49	1018.72	-544.13
4394.63	1022.25	-539.20
4396.79	1025.76	-534.81
4398.98	1029.25	-530.92
4401.20	1032.73	-527.51
4403.44	1036.19	-524.56
4405.72	1039.63	-522.07
4408.01	1043.05	-520.00
4410.34	1046.46	-518.34
4412.69	1049.84	-517.09
4415.07	1053.21	-516.22
4417.48	1056.56	-515.73
4420.00	1060.00	-515.58
4422.38	1063.19	-511.85
4424.86	1066.48	-507.48
4427.38	1069.75	-502.66
4429.92	1073.00	-497.41
4432.48	1076.23	-491.78
4435.08	1079.43	-485.79
4437.70	1082.62	-479.47
4440.35	1085.78	-472.85
4443.02	1088.91	-465.97
4445.73	1092.03	-458.84
4448.46	1095.11	-451.49
4451.22	1098.18	-443.95
4454.01	1101.22	-436.23
4456.82	1104.23	-428.37
4459.67	1107.21	-420.38
4462.54	1110.17	-412.28
4465.45	1113.10	-404.09
4468.38	1115.99	-395.83
4471.34	1118.86	-387.52
4474.34	1121.70	-379.17
4477.36	1124.50	-370.81
4480.42	1127.27	-362.44
4483.51	1130.00	-354.09
4486.62	1132.70	-345.76
4489.78	1135.36	-337.47
4492.96	1137.98	-329.24
4496.17	1140.56	-321.08
4499.42	1143.10	-312.99
4502.70	1145.60	-305.00
4506.02	1148.05	-297.11
4509.37	1150.46	-289.33
4512.75	1152.81	-281.68
4516.17	1155.12	-274.16
4519.62	1157.38	-266.79
4523.10	1159.58	-259.58
4526.62	1161.73	-252.53
4530.18	1163.82	-245.65
4533.77	1165.85	-238.96
4537.39	1167.81	-232.45
4541.05	1169.72	-226.15
4544.74	1171.55	-220.05
4548.47	1173.32	-214.16
4552.23	1175.01	-208.50
4556.02	1176.63	-203.07
4559.84	1178.18	-197.87
4563.70	1179.64	-192.92
4567.58	1181.02	-188.21
4571.50	1182.31	-183.76
4575.44	1183.52	-179.57
4579.41	1184.63	-175.65
4583.41	1185.65	-171.99
4587.42	1186.58	-168.61
4591.46	1187.41	-165.52
4595.52	1188.13	-162.71
4599.60	1188.75	-160.18
4603.69	1189.27	-157.95
4607.79	1189.68	-156.02
4611.90	1189.99	-154.39
4616.02	1190.18	-153.06
4620.15	1190.26	-152.03
4624.27	1190.23	-151.31
4630.00	1190.00	-150.90
4632.50	1189.83	-161.49
4636.61	1189.47	-182.02
4640.71	1189.02	-207.34
4644.80	1188.49	-239.28
4648.88	1187.88	-280.88
4652.95	1187.22	-337.45
4657.01	1186.50	-419.30
4661.06	1185.75	-549.23
4665.11	1184.96	-789.68
4669.15	1184.16	-1394.72
4673.20	1183.34	-5961.87
4677.24	1182.52	2586.50
4681.28	1181.71	1050.98
4685.32	1180.91	652.52
4689.38	1180.14	468.25
4693.43	1179.40	361.43
4697.50	1178.71	291.35
4701.57	1178.08	241.64
4705.66	1177.51	204.46
4709.75	1177.03	175.59
4713.86	1176.65	152.56
4717.97	1176.38	133.83
4722.09	1176.23	118.43
4726.22	1176.23	105.66
4730.34	1176.39	95.08
4734.44	1176.73	86.36
4738.53	1177.26	79.26
4742.59	1178.00	73.62
4746.60	1178.97	69.31
4750.00	1180.00	67.07
4754.40	1181.62	71.17
4758.17	1183.29	76.19
4761.85	1185.16	82.15
4765.42	1187.20	89.05
4768.90	1189.42	96.90
4772.29	1191.78	105.71
4775.57	1194.26	115.51
4778.77	1196.87	126.31
4781.88	1199.58	138.17
4784.91	1202.38	151.13
4787.86	1205.26	165.24
4790.73	1208.21	180.59
4793.54	1211.23	197.27
4796.29	1214.30	215.39
4798.97	1217.43	235.10
4801.61	1220.61	256.59
4804.18	1223.83	280.07
4806.72	1227.08	305.83
4809.20	1230.37	334.22
4811.65	1233.69	365.71
4814.06	1237.03	400.87
4816.43	1240.41	440.49
4818.78	1243.80	485.60
4821.09	1247.21	537.59
4823.38	1250.64	598.44
4825.64	1254.09	670.96
4827.88	1257.55	759.35
4830.11	1261.02	870.13
4832.31	1264.50	1014.03
4834.51	1268.00	1210.01
4836.69	1271.50	1494.91
4838.86	1275.00	1951.28
4841.02	1278.51	2809.67
4843.18	1282.02	5049.96
4845.34	1285.54	26635.75
4847.50	1289.05	-7882.35
4849.65	1292.57	-3370.68
4851.81	1296.08	-2111.95
4853.98	1299.59	-1517.12
4856.16	1303.09	-1168.66
4858.35	1306.58	-938.55
4860.56	1310.06	-774.42
4862.78	1313.54	-650.87
4865.03	1316.99	-554.11
4867.30	1320.44	-475.99
4869.60	1323.86	-411.42
4871.94	1327.25	-357.03
4874.31	1330.62	-310.53
4876.73	1333.96	-270.29
4879.20	1337.26	-235.14
4881.73	1340.52	-204.22
4884.32	1343.73	-176.90
4886.99	1346.87	-152.66
4889.74	1349.94	-131.16
4892.59	1352.93	-112.10
4895.55	1355.80	-95.27
4898.62	1358.54	-80.51
4901.84	1361.13	-67.72
4905.20	1363.51	-56.82
4908.73	1365.64	-47.76
4912.43	1367.46	-40.54
4916.29	1368.89	-35.14
4920.30	1369.86	-31.60
4924.40	1370.30	-29.92
4930.00	1370.00	-30.09
4932.58	1369.51	-34.37
4936.53	1368.35	-42.17
4940.36	1366.81	-52.38
4944.05	1364.97	-65.12
4947.61	1362.90	-80.63
4951.07	1360.65	-99.26
4954.43	1358.26	-121.54
4957.70	1355.76	-148.26
4960.91	1353.16	-180.59
4964.05	1350.49	-220.32
4967.15	1347.77	-270.28
4970.20	1344.99	-335.16
4973.21	1342.18	-423.29
4976.20	1339.34	-551.02
4979.17	1336.48	-755.12
4982.12	1333.60	-1139.12
4985.07	1330.71	-2150.65
4988.00	1327.82	-12986.98
4990.94	1324.92	3409.30
4993.88	1322.03	1533.13
4996.82	1319.15	994.62
4999.78	1316.27	736.44
5002.76	1313.42	583.26
5005.75	1310.58	480.77
5008.77	1307.78	406.66
5011.82	1305.00	350.07
5014.90	1302.26	305.10
5018.01	1299.56	268.27
5021.17	1296.91	237.40
5024.38	1294.31	211.06
5027.63	1291.78	188.26
5030.00	1290.00	172.64
5034.30	1286.93	169.11
5037.73	1284.63	165.90
5041.20	1282.42	163.01
5044.74	1280.30	160.45
5048.33	1278.26	158.22
5051.96	1276.32	156.32
5055.65	1274.48	154.75
5059.39	1272.74	153.52
5063.17	1271.10	152.61
5067.00	1269.56	152.05
5070.86	1268.12	151.81
5074.77	1266.79	151.91
5078.70	1265.57	152.35
5082.67	1264.45	153.12
5086.67	1263.44	154.23
5090.69	1262.54	155.66
5094.74	1261.74	157.43
5098.80	1261.05	159.54
5102.89	1260.47	161.97
5106.98	1259.99	164.73
5111.09	1259.61	167.81
5115.20	1259.34	171.22
5119.32	1259.16	174.96
5123.44	1259.08	179.01
5127.57	1259.10	183.38
5131.69	1259.20	188.06
5135.81	1259.40	193.06
5139.92	1259.69	198.37
5144.03	1260.06	203.98
5148.13	1260.51	209.90
5152.21	1261.05	216.12
5156.29	1261.66	222.64
5160.36	1262.35	229.45
5164.41	1263.11	236.56
5168.45	1263.94	243.96
5172.47	1264.84	251.64
5176.48	1265.81	259.61
5180.47	1266.84	267.87
5184.45	1267.93	276.40
5188.41	1269.08	285.21
5192.35	1270.28	294.29
5196.28	1271.55	303.64
5200.19	1272.86	313.27
5204.08	1274.23	323.15
5207.95	1275.64	333.31
5211.80	1277.11	343.72
5215.64	1278.62	354.40
5219.46	1280.17	365.33
5223.26	1281.77	376.51
5227.05	1283.41	387.95
5230.81	1285.09	399.64
5234.56	1286.81	411.58
5238.29	1288.56	423.76
5242.00	1290.35	436.20
5245.70	1292.18	448.87
5249.38	1294.04	461.79
5253.04	1295.93	474.94
5256.69	1297.86	488.34
5260.32	1299.81	501.97
5263.93	1301.80	515.84
5267.53	1303.81	529.95
5271.11	1305.86	544.28
5274.68	1307.93	558.86
5278.23	1310.02	573.66
5281.77	1312.14	588.69
5285.29	1314.29	603.96
5288.79	1316.46	619.45
5292.29	1318.65	635.17
5295.76	1320.87	651.12
5299.23	1323.11	667.30
5302.68	1325.36	683.71
5306.11	1327.64	700.34
5309.54	1329.94	717.21
5312.94	1332.26	734.30
5316.34	1334.60	751.61
5319.72	1336.96	769.16
5323.09	1339.34	786.94
5326.45	1341.73	804.94
5329.80	1344.14	823.17
5333.13	1346.57	841.64
5336.45	1349.01	860.33
5339.76	1351.47	879.26
5343.06	1353.94	898.43
5346.35	1356.43	917.83
5349.62	1358.94	937.47
5352.89	1361.46	957.34
5356.14	1363.99	977.46
5359.38	1366.54	997.82
5362.62	1369.10	1018.44
5365.84	1371.67	1039.29
5369.05	1374.26	1060.41
5372.25	1376.85	1081.77
5375.44	1379.46	1103.40
5378.62	1382.09	1125.29
5381.80	1384.72	1147.45
5384.96	1387.37	1169.88
5388.11	1390.02	1192.59
5391.26	1392.69	1215.58
5394.39	1395.37	1238.86
5397.52	1398.06	1262.43
5400.64	1400.76	1286.30
5403.75	1403.47	1310.49
5406.85	1406.18	1334.98
5409.94	1408.91	1359.81
5413.02	1411.65	1384.96
5416.10	1414.40	1410.46
5419.16	1417.15	1436.32
5422.22	1419.92	1462.53
5425.28	1422.69	1489.12
5428.32	1425.47	1516.11
5431.36	1428.26	1543.49
5434.38	1431.06	1571.29
5437.41	1433.86	1599.53
5440.42	1436.68	1628.21
5443.43	1439.50	1657.37
5446.43	1442.33	1687.01
5449.42	1445.16	1717.17
5452.41	1448.01	1747.86
5455.39	1450.86	1779.11
5458.36	1453.71	1810.95
5461.33	1456.58	1843.40
5464.29	1459.45	1876.51
5467.24	1462.33	1910.30
5470.19	1465.21	1944.81
5473.13	1468.10	1980.08
5476.07	1470.99	2016.16
5479.00	1473.90	2053.10
5481.92	1476.80	2090.96
5484.84	1479.72	2129.78
5487.75	1482.64	2169.64
5490.66	1485.56	2210.61
5493.56	1488.49	2252.76
5496.45	1491.43	2296.18
5499.34	1494.37	2340.97
5502.23	1497.31	2387.24
5505.11	1500.26	2435.09
5507.99	1503.22	2484.66
5510.86	1506.18	2536.11
5513.72	1509.14	2589.58
5516.58	1512.11	2645.27
5519.44	1515.09	2703.37
5522.29	1518.06	2764.14
5525.14	1521.05	2827.82
5527.98	1524.03	2894.72
5530.82	1527.02	2965.18
5533.65	1530.02	3039.61
5536.49	1533.02	3118.45
5539.31	1536.02	3202.24
5542.13	1539.03	3291.58
5544.95	1542.03	3387.21
5547.77	1545.05	3489.97
5550.58	1548.06	3600.88
5553.39	1551.08	3721.15
5556.19	1554.11	3852.23
5559.00	1557.13	3995.93
5561.79	1560.16	4154.42
5564.59	1563.19	4330.43
5567.38	1566.22	4527.43
5570.17	1569.26	4749.78
5572.96	1572.30	5003.23
5575.74	1575.34	5295.32
5578.53	1578.38	5636.28
5581.31	1581.43	6040.25
5584.08	1584.48	6527.41
5586.86	1587.52	7127.54
5589.63	1590.57	7886.55
5592.41	1593.63	8879.00
5595.18	1596.68	10234.75
5597.95	1599.73	12201.62
5600.72	1602.79	15318.97
5603.49	1605.85	21024.64
5606.25	1608.90	34863.65
5609.02	1611.96	117709.14
5611.79	1615.02	-75937.51
5614.56	1618.07	-27396.29
5617.32	1621.13	-16200.17
5620.09	1624.18	-11221.84
5622.86	1627.24	-8405.89
5625.63	1630.29	-6593.99
5628.41	1633.34	-5329.96
5631.18	1636.39	-4397.77
5633.96	1639.44	-3681.88
5636.74	1642.48	-3114.91
5639.53	1645.52	-2654.93
5642.32	1648.56	-2274.48
5645.11	1651.59	-1954.83
5647.92	1654.61	-1682.78
5650.73	1657.63	-1448.77
5653.55	1660.64	-1245.70
5656.37	1663.64	-1068.22
5659.21	1666.63	-912.20
5662.07	1669.61	-774.42
5664.94	1672.57	-652.37
5667.82	1675.51	-544.04
5670.74	1678.43	-447.84
5673.67	1681.33	-362.50
5676.64	1684.19	-287.02
5679.65	1687.00	-220.65
5682.72	1689.76	-162.83
5685.85	1692.44	-113.25
5689.08	1695.00	-71.81
5692.46	1697.37	-38.78
5696.08	1699.33	-15.06
5700.00	1700.00	-3.20
5702.59	1696.98	-8.09
5702.91	1692.88	-26.16
5702.51	1688.78	-53.14
5701.77	1684.72	-87.11
5700.84	1680.71	-127.07
5699.77	1676.72	-172.35
5698.61	1672.77	-222.48
5697.38	1668.83	-277.12
5696.08	1664.92	-336.02
5694.74	1661.02	-398.96
5693.36	1657.13	-465.78
5691.94	1653.26	-536.33
5690.50	1649.40	-610.52
5689.02	1645.55	-688.23
5687.53	1641.71	-769.41
5686.01	1637.87	-853.99
5684.48	1634.04	-941.92
5682.93	1630.22	-1033.15
5681.36	1626.41	-1127.66
5679.78	1622.60	-1225.43
5678.19	1618.80	-1326.45
5676.58	1615.00	-1430.70
5674.97	1611.21	-1538.18
5673.34	1607.42	-1648.91
5671.70	1603.63	-1762.89
5670.06	1599.85	-1880.14
5668.41	1596.07	-2000.69
5666.75	1592.30	-2124.57
5665.08	1588.53	-2251.80
5663.40	1584.76	-2382.43
5661.72	1580.99	-2516.51
5660.04	1577.23	-2654.08
5658.34	1573.47	-2795.21
5656.64	1569.71	-2939.96
5654.94	1565.96	-3088.40
5653.23	1562.21	-3240.60
5651.52	1558.46	-3396.65
5649.80	1554.71	-3556.64
5648.08	1550.96	-3720.67
5646.35	1547.22	-3888.84
5644.62	1543.48	-4061.26
5642.88	1539.73	-4238.05
5641.14	1536.00	-4419.36
5639.40	1532.26	-4605.30
5637.66	1528.52	-4796.06
5635.91	1524.79	-4991.76
5634.16	1521.05	-5192.60
5632.40	1517.32	-5398.76
5630.65	1513.59	-5610.45
5628.89	1509.86	-5827.87
5627.12	1506.14	-6051.25
5625.36	1502.41	-6280.84
5623.59	1498.68	-6516.91
5621.82	1494.96	-6759.74
5620.05	1491.24	-7009.63
5618.27	1487.52	-7266.93
5616.50	1483.79	-7531.99
5614.72	1480.07	-7805.18
5612.94	1476.36	-8086.91
5611.15	1472.64	-8377.65
5609.37	1468.92	-8677.88
5607.58	1465.20	-8988.09
5605.80	1461.49	-9308.90
5604.01	1457.77	-9640.87
5602.22	1454.06	-9984.72
5600.42	1450.35	-10341.14
5598.63	1446.63	-10710.96
5596.83	1442.92	-11095.02
5595.04	1439.21	-11494.28
5593.24	1435.50	-11909.80
5591.44	1431.79	-12342.70
5589.64	1428.08	-12794.26
5587.84	1424.37	-13265.87
5586.03	1420.66	-13759.07
5584.23	1416.95	-14275.57
5582.42	1413.25	-14817.26
5580.62	1409.54	-15386.27
5578.81	1405.83	-15984.98
5577.00	1402.13	-16616.03
5575.19	1398.42	-17282.43
5573.38	1394.72	-17987.55
5571.57	1391.01	-18735.21
5569.76	1387.31	-19529.79
5567.95	1383.61	-20376.27
5566.14	1379.90	-21280.37
5564.32	1376.20	-22248.71
5562.51	1372.50	-23288.96
5560.69	1368.79	-24410.07
5558.88	1365.09	-25622.54
5557.06	1361.39	-26938.79
5555.24	1357.69	-28373.60
5553.42	1353.99	-29944.73
5551.61	1350.29	-31673.66
5549.79	1346.59	-33586.65
5547.97	1342.89	-35716.14
5546.15	1339.19	-38102.69
5544.33	1335.49	-40797.67
5542.51	1331.79	-43867.14
5540.69	1328.09	-47397.47
5538.87	1324.39	-51503.84
5537.05	1320.69	-56343.27
5535.22	1316.99	-62135.68
5533.40	1313.29	-69198.71
5531.58	1309.59	-78008.77
5529.76	1305.89	-89314.57
5527.94	1302.19	-104363.93
5526.11	1298.49	-125402.83
5524.29	1294.79	-156923.49
5522.47	1291.10	-209407.63
5520.65	1287.40	-314300.46
5518.82	1283.70	-628827.89
5517.00	1280.00	-99999.99
